# salt: ''  min_len: 0  alphabet: <default>
[ 0 0 ] gYcx
[ 715 ] AX9
[ 12095 6417 16641 17418 8547 19290 ] ngGLhXQwH0wvU1mLFEY5u15N
[ 24035 ] 2Or1
[ 34614 1350 36441 13800 23799 ] kgYvuGGTlm0iXzBiww4
[ 48130 28135 41145 ] 5z2BuYlvUDjx
[ 38203 1370 ] B7WRt58
[ 8494 53251 32167 63864 64121 ] 71M6irw2uQ6BsGXrhvgj
[ 49907 4637 22207 21749 ] xWX7cJwwuxPkiR5X
[ 61298 ] v148
[ 86112 22152 ] jRQPZTD92
[ 95662 103968 ] yPw59urJVv
[ 85999 ] wp95w
[ 50209 77834 ] Vz1vSr5W
[ 139384 ] 73mNQ
[ 99197 13767 58130 66355 ] M8176CkxZHxw1hkyA
[ 96076 ] YE7w9
[ 20239 153824 57495 7328 ] 3Y0BFplwJiMJZuK6L
[ 163661 75309 ] 4x53niv14
[ 46170 124325 107427 ] vvPLs7G4wtQWjq
[ 126472 98330 ] 82lKzF6YAA
[ 112551 ] pYLZr
[ 204757 70495 194782 117136 ] NxGqoHWlPC4l5ns20Xq
[ 111718 8268 201743 ] ER1wlu1OrswDyp
[ 25339 92902 16225 ] 8W6pF6XyvCRVq
[ 227485 190035 27670 133907 196358 ] mw4gqu5kWQHMVou8Wj7F2LzE
[ 153982 104447 ] pYymDTnyYW
[ 82303 98487 257889 ] mLgjfjWr0tBG4Q
[ 75816 222859 ] OW8MSAD5B
[ 228270 47077 40021 153136 146775 60609 ] X6OgjTZ3wh2YptL5pvu5wPPc0lJ
[ 67416 164496 139212 264290 ] 0QJ9IGO7zuwxXAuRELo
[ 160239 232884 432 271062 147435 ] zprGMHRqK1UV3I5EWvFvQGo
[ 80079 ] 26Jz
[ 186511 ] wjk7X
[ 265654 217307 182501 ] jqYvwuj0ZXURngy
[ 277489 ] jqO6W
[ 130397 93876 211600 15346 ] 1wN7kFMn7XcG54XsznX
[ 330992 368072 ] Yvzk9hko65
[ 235255 103957 ] 6654QirMwz
[ 223868 113811 160065 220217 ] pgppECnEJgFPNOmfWvY8
[ 397511 ] wV47g
[ 224477 ] Z4x5J
[ 261710 197294 290980 132299 ] 9QQgxImPBlF3p2ZIN280
[ 205262 396009 413712 ] GZx6ZuWK9qHQ326
[ 131319 5038 66111 117870 392807 ] gJElEfl1DIw7GikR99sPZv2
[ 6521 197636 70278 ] yrA6HNm7ofovk
[ 449183 435004 206764 ] A6AqpS1rqgs8RxO
[ 296255 1796 234817 66774 ] jqPRqTLrSRy2yHV4B
[ 206966 ] LgDQ4
[ 38530 ] Wz5J
[ 176747 82264 440826 372775 454034 341897 ] P1ZrXsj78s6B3YFqrjPSBLvocxRrY
[ 176677 ] Z4Vmg
[ 433615 510445 215571 234892 ] Rlo4Ztg3EvUNM44H7yoz
[ 26863 316526 ] NXlBHZm2Q
[ 506500 214955 ] QkVlKU6RkD
[ 517161 ] DQ9qn
[ 93104 174322 73754 440181 ] 68XXosoorBFY5jh0Ov0
[ 395154 287357 ] L7k74ukEjq
[ 275266 ] L8APg
[ 585949 389158 552183 ] MJkz8ixB07F1oOm
[ 241602 428402 ] GZp4PcL1wY
[ 44053 ] rnwE
[ 255450 416074 526503 426992 576510 85655 284735 ] Rg2WAInz9ysoQB1FEkgDsZkBxFGlOMirnr3
[ 211699 ] wjlgg
[ 265201 ] jqZ75
[ 196115 ] AnWW1
[ 526383 602306 ] 5RLm1SpMgz
[ 109533 43139 ] jRLWBCVg9
[ 47945 677128 ] O0rBUZWX3
[ 39276 289734 653818 636176 ] P9roi0M8ksBM2AIPBGj
[ 295947 ] l5mZ5
[ 236488 637268 217337 ] mwJY3CPmPEUOZwP
[ 189376 287408 111771 ] g5xlYCqVrxcNk0J
[ 317822 11680 530698 616820 ] D9g8wt351sknl7h9qlY
[ 306341 487109 646857 347759 553920 ] W7EWpsymLOf1WmJI70wwCWwvO
[ 528147 205422 191173 565096 ] MJ93BH5OxmukRrgTlGn2
[ 452839 142274 ] Dq6G3u5qRy
[ 266406 465974 ] MQZqvF6gmV
[ 554188 74342 ] ojk6Ou0ZV
[ 20449 528358 ] YV9GSANRA
[ 710224 449963 478527 ] ZWr2ofoz4GixrXr
[ 229267 ] MjvgP
[ 554521 ] KLvBn
[ 44965 141034 567688 733454 500262 789047 ] kLwzCO8l3s8WDEc7yG0hn9z1hmLDv
[ 103168 27376 ] VO5lEijg5
[ 510084 461949 261363 ] MZO2yT6OyPsJJVJ
[ 786029 644071 501138 ] m27R8fPqzQTQogW
[ 670234 125787 594331 ] M1k9qTqgw1i1zBM
[ 796962 762109 ] 5l0pYhxB5E
[ 466440 ] 79wjj
[ 613298 599865 490690 506376 56037 ] 0L9QnTgGvlUOQ4DipB00i6Em
[ 62420 341012 537844 885642 227751 ] 20GmuKJ87cMmwkTDgpDiBnkP
[ 574876 469973 757767 508962 ] x23QzTQz0BigzBEiM92J
[ 539819 796858 305791 ] rmVzrH6NRVs4gJW
[ 346936 146824 739745 836907 559472 555403 ] WL78Zh5mE7ILQnPfog9wtW9ZEs0yRm
[ 608852 193177 420827 318696 398507 596511 ] Z0zR9uMAw2CypEmh2KomCz95MS93EX
[ 270269 549849 ] W7qERTD2gr
[ 775450 247946 514850 881783 427623 828549 ] NELBlcNKZjh0mZ0c9WjoHZoP5ilZ2B
[ 293791 494111 204071 ] nrVprU62x2sJrr6
[ 351755 524050 ] VAvGyTggQz
[ 9007199254740991 9007199254740992 ] qLWZZ6ZnYlZt6YkkGk21Xz
