# salt: '123./~_+'  min_len: 5  alphabet: 'Aünîcø∂émädñèsSß'
[ 0 0 ] mñøsî
7999 ñîøäé
8783 øéééè
[ 10686 17060 25510 ] dî∂äücøøä∂∂sèüèøè
[ 11201 3250 38261 10418 36205 15428 ] ∂däèñSdnñøcüéîüäSéäßßcñéññ∂cn∂îdî
[ 39785 44123 ] néø∂ä∂Aønñßä
[ 24059 16553 52081 43395 ] ñäßønéAèèäøßcßn∂èäcîøßèn
[ 50790 31399 6380 10818 29748 ] ñüèäñücñèü∂∂Sèîîücüé∂ñsüßäèé
[ 72147 46561 70122 ] nüñéé∂AøñîdéAéèüñè
36605 ädßßßü
[ 87295 58509 25498 49794 55555 ] îüøñ∂øAdññéäcñßñßücøddî∂sñîîän
[ 86609 29086 ] üéßøî∂céüøñd
[ 94103 117747 ] édèîîéAäßèîü
[ 62732 23183 ] üüèäüßsénñnn
[ 132276 12675 ] äîèñdécnñîä
[ 66718 55845 11001 93857 92426 43614 ] äñ∂éñncäî∂ñncnüdîSü∂øèøSîèdñdsäîñéî
[ 100400 133058 ] édéèñ∂sñßd∂é
[ 46788 12262 150297 115356 148249 10618 ] ñüéäßèsßñnøcñøñ∂èAèäèdøcîñéüüSéüßè
[ 82140 127223 ] äß∂äînsîßdèî
[ 16016 118266 ] ∂üüßäßsüäñnø
[ 34508 170924 68649 47577 ] ädnødésüøßèddSøñéßäSñîäîî
[ 55822 121412 190570 186104 193084 71795 ] ø∂nø∂ncßdüîøsèädènßcøø∂éüñSéøøä∂écäßîøß
[ 59344 152679 24986 ] dø∂èøñs∂èîä∂sèäüßß
[ 197595 219537 138444 ] ∂üénnßéAîßééßéAßènñß
[ 162671 122922 232256 ] dß∂ßnøäsäèüßäcèñøßßî
[ 50469 69148 ] däøñßßSèî∂dé
226683 øüñè∂ñé
[ 7882 151937 ] äßøé∂S∂èüßñ
[ 250658 179507 ] ñäîäüîäcèèñß∂ß
[ 120020 197274 189220 212382 ] näéè∂ñsñäèä∂nsîînîèäsnüîéèî
[ 63642 10505 11822 ] î∂näødsè∂∂äsßîøß
[ 147508 196079 ] ∂∂ßîßîsîdnßøn
[ 96402 107272 250429 ] ü∂∂üdñsäßnn∂sîdîîéü
[ 106217 21715 50273 326899 215037 248571 ] äädüîéSüñäñücßønèßcîdñüènAäèøîäñSßdîñøé
[ 168686 98962 317770 246725 175368 ] üäøéîääcnèßønSîñéßääcèßn∂däcßä∂ñøé
[ 228903 28258 63821 206733 299873 ] énèdøñèAîdéèdsdéndnAüñüñdîAéènääß
43206 ødøèîä
[ 87107 178467 329150 15702 ] éßøèééSîîéßdüSñèøéñßsüøèèd
[ 192671 281114 ] îèîèänñAøünnn∂
[ 248649 120627 ] äéßøüøßcîéd∂ü
[ 27731 376409 376110 380683 209422 ] èènnäéAîèän∂üAdßîüßäsèü∂∂ñncéñññîn
[ 96160 212551 406492 406914 4105 47148 138960 ] ßîîüñnsü∂éädñAñèîøøäsäødé∂äAñøüßSäé∂øécø∂üün
[ 261823 297679 93941 15682 366386 ] äé∂îäîésünäßüîAéøéøîsndäüèsnèénüñ
[ 424397 155455 272647 ] ßüîønéîSîdøø∂Snß∂äün
[ 157090 136499 418241 276279 ] îøäéîøc∂déøäcdääd∂éSéñnüøø
[ 137096 448234 ] øäñîî∂süßnßîn
[ 204003 321481 154293 227516 126806 ] nèéñéñäAñîîèéüSnñnîüSnäîøüüAîéñßè
[ 293760 371357 225037 ] dßd∂éîüSéüènnäSèññéün
[ 87854 97958 343836 ] édäääñcn∂nnüsñ∂øéîä
[ 252955 46373 437999 423182 ] øüé∂îèøAdäèüßcäîndøèAèñéßdø
[ 47834 364542 ] dänñäècééßßäé
[ 73415 81658 ] èîéèüèAdéè∂d
308050 øüøîñäé
[ 75559 353246 ] üéäîéøAddéññß
[ 60173 444404 491207 ] ñdäéüüSñønßøäsßününø
[ 132344 53700 257436 531076 325695 495974 ] ñnødñücndnøßA∂nnènßsdddnnèsüßü∂∂∂Aèd∂äüä
[ 336705 30610 137402 ] ünøßßd∂Sd∂üüèA∂øädî
155925 îødèdé
[ 360797 341311 ] éüüîäññSéîüøäü
[ 67402 126330 501398 21235 ] ∂äèøßncü∂éä∂Aäñü∂î∂sßèü∂∂
[ 43077 461157 507813 ] ødøñîüSüèøøüîAüèîéñø
[ 307224 433520 228039 ] ñän∂nøèsñdüdøéc∂ènßnd
[ 150173 590881 450337 344647 340171 7112 ] ∂∂éîüüAßèßéßøSüîîäîîSîß∂ündSñäñüødAdèäî
[ 355313 241656 314533 352502 ] ßüüüøßüSüéédüøSndèüødSääèßäé
583269 înñßî∂ü
[ 64199 209053 169341 33205 ] døønèäAøüünîßcèé∂îßäAääé∂ü
[ 595543 151415 ] ßdññéndAî∂øèß
349004 ßü∂nüdñ
[ 83945 202261 360214 ] ∂ndßdäAîdüé∂nAüüéédî
[ 368555 326636 177099 229866 ] îînèßøéAnädîßncñññüäéAédñññä
[ 414880 228396 116103 ] èäñd∂üøsßñéééèsîñdèä
640666 ñü∂ñüñd
[ 500578 49172 404260 ] ñüäéäøäcnnéäñcøénäññ
[ 243117 101936 362039 634058 382444 ] äéß∂äd∂cd∂dè∂Aüün∂∂ñSñéñ∂nècndäèøø
[ 135577 575132 ] äîdîßdAädäüüî
[ 41792 682889 430782 553355 58231 579018 ] éüéèè∂søé∂ß∂ñAñüdüñècñnèèäøAä∂øßøAßéénßn
[ 214534 497369 745413 103439 715664 641771 644808 ] ∂üñøéßücßäéèønSøédnøßAéøéädA∂∂ndü∂sèñønøøsdéédßß
[ 61537 337093 ] äñdd∂ncéüøénn
[ 186863 22551 647567 ] énnñè∂dAîèdøîSdèñøßß
[ 556345 312580 659228 314043 365003 ] ∂ñä∂∂îîSîéßñßnAøñnäñßsßüèüèèSññîñüä
[ 214141 796469 ] ß∂dînèéSèîèèè∂
[ 663304 268892 ] døßäädøsøîènéä
[ 199254 639585 ] énüdîñäsüd∂èñî
[ 361281 497886 ] øddßñnnSdä∂∂ßî
[ 582436 450832 606010 ] däèîèüîséääîßäsdüñddø
[ 30915 363635 ] ødüdèèAüüèüüß
[ 620719 293554 ] dädøäñ∂Aøßnñnä
[ 638733 272383 152303 ] änø∂îüäSüßdßüüAdøøñn
495923 dä∂dèüñ
[ 578405 395708 ] é∂dßdü∂Séèßüüè
[ 746936 51153 87538 813754 38778 ] nüøîéînsøè∂døsñnèñøcîßéäè∂cñéøn∂
[ 127910 247356 ] ønnüüdcäøèèüé
[ 23255 440458 ] èèñîäèAînüøßä
[ 286351 687623 291234 393328 ] èèüñèîßAñîøé∂îSø∂ä∂ääcèüîßdñ
[ 545964 174283 788717 ] èdødäèèsßü∂øèøAéääüßü
[ 437852 29737 728056 753699 585676 397791 ] ündñß∂îsd∂ßèñAøèéñññs∂îßéøèSøèääøøsèñüäñä
[ 937355 479195 168283 ] ßßnäüè∂cnîøß∂nsnéèøîè
[ 784026 435945 487499 454813 565835 ] éèédädncé∂äèñøAéèéñn∂SäßøéèéSänñéäü
[ 843037 540004 35297 ] dünèønîSüüßîßücîñßäø
470379 ∂é∂üääd
